0 1 43.33195063795497
1 0 43.33195063795497
0 2 41.106086276094715
2 0 41.106086276094715
0 3 43.014570191493135
3 0 43.014570191493135
0 4 38.67482756128389
4 0 38.67482756128389
0 5 43.07066281678367
5 0 43.07066281678367
0 6 39.0458187741613
6 0 39.0458187741613
0 7 41.64602082129839
7 0 41.64602082129839
0 8 36.79271263717459
8 0 36.79271263717459
0 9 42.39957825201369
9 0 42.39957825201369
0 10 40.53410789473622
10 0 40.53410789473622
0 11 37.16134403628568
11 0 37.16134403628568
0 12 40.561477647437066
12 0 40.561477647437066
0 13 37.96363642334614
13 0 37.96363642334614
0 14 41.024843978340854
14 0 41.024843978340854
0 15 29.501452222166485
15 0 29.501452222166485
0 16 32.620936000935956
16 0 32.620936000935956
0 17 23.018543224421215
17 0 23.018543224421215
0 18 36.37529577609228
18 0 36.37529577609228
0 19 37.43663776996404
19 0 37.43663776996404
0 20 33.78360093095393
20 0 33.78360093095393
0 21 36.8863755142392
21 0 36.8863755142392
0 22 36.55157886756913
22 0 36.55157886756913
0 23 43.46081082814887
23 0 43.46081082814887
0 24 41.226855609030736
24 0 41.226855609030736
0 25 41.32957902629116
25 0 41.32957902629116
0 26 37.7919244927663
26 0 37.7919244927663
0 27 40.24723029728835
27 0 40.24723029728835
0 28 31.11094587920874
28 0 31.11094587920874
0 29 35.52860569064665
29 0 35.52860569064665
0 30 34.2840426871537
30 0 34.2840426871537
0 31 37.17132057335675
31 0 37.17132057335675
0 32 38.093179307912024
32 0 38.093179307912024
0 33 37.488515084407446
33 0 37.488515084407446
0 34 38.60113779999816
34 0 38.60113779999816
0 35 36.8539351254681
35 0 36.8539351254681
0 36 37.736814654637065
36 0 37.736814654637065
0 37 37.149201200695245
37 0 37.149201200695245
0 38 38.49503697966038
38 0 38.49503697966038
0 39 40.24503042577801
39 0 40.24503042577801
0 40 35.51676726669367
40 0 35.51676726669367
0 41 37.87619019936295
41 0 37.87619019936295
0 42 41.77348903862973
42 0 41.77348903862973
0 43 42.57264568909786
43 0 42.57264568909786
0 44 43.30835819305402
44 0 43.30835819305402
0 45 44.625570226728726
45 0 44.625570226728726
0 46 46.154710261503666
46 0 46.154710261503666
0 47 39.989472943674
47 0 39.989472943674
0 48 40.37776426513537
48 0 40.37776426513537
0 49 43.74672660326948
49 0 43.74672660326948
0 50 44.94609806885424
50 0 44.94609806885424
0 51 42.21937868590477
51 0 42.21937868590477
0 52 36.00360313994106
52 0 36.00360313994106
0 53 43.39902446390825
53 0 43.39902446390825
0 54 46.4821599940166
54 0 46.4821599940166
0 55 24.03982203772111
55 0 24.03982203772111
0 56 44.77147101264747
56 0 44.77147101264747
0 57 34.27020300674653
57 0 34.27020300674653
0 58 39.41971962764227
58 0 39.41971962764227
0 59 38.68292848210541
59 0 38.68292848210541
0 60 45.914802265719594
60 0 45.914802265719594
0 61 47.37923866027866
61 0 47.37923866027866
0 62 46.98123441637326
62 0 46.98123441637326
0 63 37.158683920859275
63 0 37.158683920859275
0 64 41.26820652362448
64 0 41.26820652362448
0 65 39.06563805210859
65 0 39.06563805210859
0 66 42.60109804609797
66 0 42.60109804609797
0 67 42.04007444655648
67 0 42.04007444655648
0 68 50.464858417632996
68 0 50.464858417632996
0 69 44.4332066900583
69 0 44.4332066900583
0 70 50.21987481970024
70 0 50.21987481970024
0 71 45.760956087488054
71 0 45.760956087488054
0 72 38.60493482535829
72 0 38.60493482535829
0 73 38.71381761236944
73 0 38.71381761236944
0 74 46.99857354297313
74 0 46.99857354297313
0 75 31.678189171667928
75 0 31.678189171667928
0 76 33.30412835386032
76 0 33.30412835386032
0 77 47.71442483518033
77 0 47.71442483518033
0 78 41.08424782238183
78 0 41.08424782238183
0 79 39.38321735621031
79 0 39.38321735621031
0 80 44.53342404642959
80 0 44.53342404642959
0 81 35.10129708103724
81 0 35.10129708103724
0 82 47.94322537312499
82 0 47.94322537312499
0 83 50.05735428611964
83 0 50.05735428611964
0 84 46.98798569291125
84 0 46.98798569291125
0 85 35.60625408345161
85 0 35.60625408345161
0 86 43.88559837305818
86 0 43.88559837305818
0 87 42.409271416149984
87 0 42.409271416149984
0 88 29.384480289877523
88 0 29.384480289877523
0 89 51.34668719936444
89 0 51.34668719936444
0 90 51.25622321844797
90 0 51.25622321844797
0 91 49.74595487419702
91 0 49.74595487419702
0 92 48.37860734839662
92 0 48.37860734839662
0 93 38.02990746422373
93 0 38.02990746422373
0 94 46.589675154711784
94 0 46.589675154711784
0 95 39.6358864425267
95 0 39.6358864425267
0 96 45.80600938508007
96 0 45.80600938508007
0 97 49.58686286565754
97 0 49.58686286565754
0 98 47.630860551682034
98 0 47.630860551682034
0 99 45.499313051886055
99 0 45.499313051886055
0 100 31.650156222908983
100 0 31.650156222908983
0 101 23.659377616730556
101 0 23.659377616730556
0 102 37.29464148640614
102 0 37.29464148640614
0 103 32.90152039541002
103 0 32.90152039541002
0 104 44.23416556793967
104 0 44.23416556793967
0 105 43.03799247815728
105 0 43.03799247815728
0 106 41.353337265297924
106 0 41.353337265297924
0 107 43.90900786165528
107 0 43.90900786165528
0 108 42.84505800959851
108 0 42.84505800959851
0 109 44.77197101693668
109 0 44.77197101693668
0 110 47.79146467786429
110 0 47.79146467786429
0 111 48.766096107485346
111 0 48.766096107485346
0 112 42.82603227204068
112 0 42.82603227204068
0 113 45.07926301760994
113 0 45.07926301760994
0 114 41.19604348682851
114 0 41.19604348682851
0 115 38.168969381381956
115 0 38.168969381381956
0 116 42.22507200108321
116 0 42.22507200108321
0 117 43.0966794105237
117 0 43.0966794105237
0 118 45.7199560108568
118 0 45.7199560108568
0 119 45.4845258381692
119 0 45.4845258381692
0 120 29.80560943444246
120 0 29.80560943444246
0 121 37.458677306030275
121 0 37.458677306030275
0 122 33.343761016281974
122 0 33.343761016281974
0 123 32.261995060910145
123 0 32.261995060910145
0 124 31.198130649073004
124 0 31.198130649073004
0 125 42.46047166617829
125 0 42.46047166617829
0 126 34.81371829993142
126 0 34.81371829993142
0 127 39.77076506783985
127 0 39.77076506783985
0 128 36.22099981999154
128 0 36.22099981999154
0 129 40.32441782588228
129 0 40.32441782588228
0 130 43.34015270999347
130 0 43.34015270999347
0 131 46.93857517407867
131 0 46.93857517407867
0 132 42.77468266009953
132 0 42.77468266009953
0 133 43.22511826444863
133 0 43.22511826444863
0 134 41.187577926846046
134 0 41.187577926846046
0 135 44.728173690716126
135 0 44.728173690716126
0 136 45.42022874754764
136 0 45.42022874754764
0 137 45.39958806841092
137 0 45.39958806841092
0 138 45.775776570834815
138 0 45.775776570834815
0 139 45.204170751301376
139 0 45.204170751301376
0 140 31.09190651385008
140 0 31.09190651385008
0 141 28.410519034636692
141 0 28.410519034636692
0 142 28.231124956124926
142 0 28.231124956124926
0 143 33.63111005278024
143 0 33.63111005278024
0 144 39.44452308105251
144 0 39.44452308105251
0 145 38.309770346169195
145 0 38.309770346169195
0 146 31.870663767247883
146 0 31.870663767247883
0 147 36.79845379929303
147 0 36.79845379929303
0 148 29.524888969748794
148 0 29.524888969748794
0 149 37.47702212688854
149 0 37.47702212688854
0 150 45.13243408612078
150 0 45.13243408612078
0 151 41.489282034198496
151 0 41.489282034198496
0 152 35.974807220415826
152 0 35.974807220415826
0 153 42.543770793799176
153 0 42.543770793799176
0 154 42.84471319948174
154 0 42.84471319948174
0 155 43.16794183556743
155 0 43.16794183556743
0 156 36.37110045355597
156 0 36.37110045355597
0 157 30.88328475547367
157 0 30.88328475547367
0 158 44.09172361537273
158 0 44.09172361537273
0 159 48.186651050969616
159 0 48.186651050969616
0 160 38.704165304607
160 0 38.704165304607
0 161 36.62385758338771
161 0 36.62385758338771
0 162 28.626971590934698
162 0 28.626971590934698
0 163 39.58775649599237
163 0 39.58775649599237
0 164 31.03938523236747
164 0 31.03938523236747
0 165 38.196323883923064
165 0 38.196323883923064
0 166 31.914631113347543
166 0 31.914631113347543
0 167 37.9231509681256
167 0 37.9231509681256
0 168 33.922639433203784
168 0 33.922639433203784
0 169 39.4858669633387
169 0 39.4858669633387
0 170 40.04682620830205
170 0 40.04682620830205
0 171 44.67618639019278
171 0 44.67618639019278
0 172 38.29607251756557
172 0 38.29607251756557
0 173 41.97383690835678
173 0 41.97383690835678
0 174 48.1981230338519
174 0 48.1981230338519
0 175 39.59121005433276
175 0 39.59121005433276
0 176 38.7721361980137
176 0 38.7721361980137
0 177 40.406132127690185
177 0 40.406132127690185
0 178 44.591928914145456
178 0 44.591928914145456
0 179 47.02500307642338
179 0 47.02500307642338
0 180 40.040050366405815
180 0 40.040050366405815
0 181 41.16826655059477
181 0 41.16826655059477
0 182 41.00951163286635
182 0 41.00951163286635
0 183 29.84588148651535
183 0 29.84588148651535
0 184 32.880665158664726
184 0 32.880665158664726
0 185 35.21310094079765
185 0 35.21310094079765
0 186 41.82214938313223
186 0 41.82214938313223
0 187 45.3931057707363
187 0 45.3931057707363
0 188 45.02578510310845
188 0 45.02578510310845
0 189 43.78237581234753
189 0 43.78237581234753
0 190 44.85433542983541
190 0 44.85433542983541
0 191 46.84099155226191
191 0 46.84099155226191
0 192 45.836643579027665
192 0 45.836643579027665
0 193 44.5471133551655
193 0 44.5471133551655
0 194 46.06307316864049
194 0 46.06307316864049
0 195 44.4125346186836
195 0 44.4125346186836
0 196 45.02136282257643
196 0 45.02136282257643
0 197 45.73651761574124
197 0 45.73651761574124
0 198 43.84325632582857
198 0 43.84325632582857
0 199 44.07132965005417
199 0 44.07132965005417
0 200 36.72700648318293
200 0 36.72700648318293
0 201 37.88116111839183
201 0 37.88116111839183
0 202 40.629266440974845
202 0 40.629266440974845
0 203 47.40089992235528
203 0 47.40089992235528
0 204 37.90136710457444
204 0 37.90136710457444
0 205 42.07021977348554
205 0 42.07021977348554
0 206 46.27609152345842
206 0 46.27609152345842
0 207 45.44515788913801
207 0 45.44515788913801
0 208 42.44585172888591
208 0 42.44585172888591
0 209 39.25417256496602
209 0 39.25417256496602
0 210 39.45099729914542
210 0 39.45099729914542
0 211 44.40770954235244
211 0 44.40770954235244
0 212 44.696832953046666
212 0 44.696832953046666
0 213 44.31000837951443
213 0 44.31000837951443
0 214 43.565765588078456
214 0 43.565765588078456
0 215 40.08768013245588
215 0 40.08768013245588
0 216 42.16116232160666
216 0 42.16116232160666
0 217 44.219313581214465
217 0 44.219313581214465
0 218 44.81415098499506
218 0 44.81415098499506
0 219 43.1025288640701
219 0 43.1025288640701
0 220 37.697922722484776
220 0 37.697922722484776
0 221 25.18597371863709
221 0 25.18597371863709
0 222 36.03546376718592
222 0 36.03546376718592
0 223 48.138188487124886
223 0 48.138188487124886
0 224 45.202239233537526
224 0 45.202239233537526
0 225 37.62663484405885
225 0 37.62663484405885
0 226 45.92833947385033
226 0 45.92833947385033
0 227 46.15006715059596
227 0 46.15006715059596
0 228 43.53455372162196
228 0 43.53455372162196
0 229 40.20738269746353
229 0 40.20738269746353
0 230 44.17824826271847
230 0 44.17824826271847
0 231 46.71266052852362
231 0 46.71266052852362
0 232 42.32700626930729
232 0 42.32700626930729
0 233 41.59360949970964
233 0 41.59360949970964
0 234 43.81194631425043
234 0 43.81194631425043
0 235 40.75840742142127
235 0 40.75840742142127
0 236 41.15864419645008
236 0 41.15864419645008
0 237 39.32303585489137
237 0 39.32303585489137
0 238 44.13652955968605
238 0 44.13652955968605
0 239 43.481893704682506
239 0 43.481893704682506
0 240 36.9914252531308
240 0 36.9914252531308
0 241 42.35511536463946
241 0 42.35511536463946
0 242 41.964088988914334
242 0 41.964088988914334
0 243 43.47880820993786
243 0 43.47880820993786
0 244 44.293636714978476
244 0 44.293636714978476
0 245 41.530423013993456
245 0 41.530423013993456
0 246 45.433205690248236
246 0 45.433205690248236
0 247 42.506557643062614
247 0 42.506557643062614
0 248 43.51529717474492
248 0 43.51529717474492
0 249 40.80279190101969
249 0 40.80279190101969
0 250 44.14719393454962
250 0 44.14719393454962
0 251 44.585137501796886
251 0 44.585137501796886
0 252 41.11541153792735
252 0 41.11541153792735
0 253 46.94005846426638
253 0 46.94005846426638
0 254 50.20027919076754
254 0 50.20027919076754
0 255 48.72220700703055
255 0 48.72220700703055
0 256 45.05450968868451
256 0 45.05450968868451
0 257 43.39654360440486
257 0 43.39654360440486
0 258 47.31038714857587
258 0 47.31038714857587
0 259 46.75489132132691
259 0 46.75489132132691
0 260 33.14706740353798
260 0 33.14706740353798
0 261 33.521456842898104
261 0 33.521456842898104
0 262 42.32506602056985
262 0 42.32506602056985
0 263 44.53006712642549
263 0 44.53006712642549
0 264 43.43259910310934
264 0 43.43259910310934
0 265 43.207992893563855
265 0 43.207992893563855
0 266 46.06374862850986
266 0 46.06374862850986
0 267 45.21747295513597
267 0 45.21747295513597
0 268 44.38963865334754
268 0 44.38963865334754
0 269 39.095469468412766
269 0 39.095469468412766
0 270 38.00465275331852
270 0 38.00465275331852
0 271 44.856031425318676
271 0 44.856031425318676
0 272 45.20919784592631
272 0 45.20919784592631
0 273 45.39566585107699
273 0 45.39566585107699
0 274 45.048026321539346
274 0 45.048026321539346
0 275 43.59285833013206
275 0 43.59285833013206
0 276 48.83522260658754
276 0 48.83522260658754
0 277 44.164454527522174
277 0 44.164454527522174
0 278 48.865619562617496
278 0 48.865619562617496
0 279 49.96330026067557
279 0 49.96330026067557
0 280 41.58943662497144
280 0 41.58943662497144
0 281 37.12557472479006
281 0 37.12557472479006
0 282 42.33156208471325
282 0 42.33156208471325
0 283 40.48259173472733
283 0 40.48259173472733
0 284 40.56748507509665
284 0 40.56748507509665
0 285 42.94746782354585
285 0 42.94746782354585
0 286 44.611473295666755
286 0 44.611473295666755
0 287 46.00361250890761
287 0 46.00361250890761
0 288 45.67226537177892
288 0 45.67226537177892
0 289 42.99930146025027
289 0 42.99930146025027
0 290 41.209183721060704
290 0 41.209183721060704
0 291 43.82098544651932
291 0 43.82098544651932
0 292 37.30086702507818
292 0 37.30086702507818
0 293 45.50383095924587
293 0 45.50383095924587
0 294 45.683642489894304
294 0 45.683642489894304
0 295 48.80990414744641
295 0 48.80990414744641
0 296 52.92342784916393
296 0 52.92342784916393
0 297 50.51909064333868
297 0 50.51909064333868
0 298 46.66523717466943
298 0 46.66523717466943
0 299 46.88945254837932
299 0 46.88945254837932
0 300 39.88484362887564
300 0 39.88484362887564
0 301 42.00419846023011
301 0 42.00419846023011
0 302 45.25677874280397
302 0 45.25677874280397
0 303 44.676965732732214
303 0 44.676965732732214
0 304 44.62487597548338
304 0 44.62487597548338
0 305 39.47141200966023
305 0 39.47141200966023
0 306 44.34773175989734
306 0 44.34773175989734
0 307 42.86958676537661
307 0 42.86958676537661
0 308 39.98791181005906
308 0 39.98791181005906
0 309 37.91656316243764
309 0 37.91656316243764
0 310 36.98184934453431
310 0 36.98184934453431
0 311 43.3568528462953
311 0 43.3568528462953
0 312 41.79935541119926
312 0 41.79935541119926
0 313 45.481378199123846
313 0 45.481378199123846
0 314 47.13986647481273
314 0 47.13986647481273
0 315 32.96321696200617
315 0 32.96321696200617
0 316 49.47304437869649
316 0 49.47304437869649
0 317 41.721193261476145
317 0 41.721193261476145
0 318 39.947078963950894
318 0 39.947078963950894
0 319 50.65627031485984
319 0 50.65627031485984
0 320 40.841503966928784
320 0 40.841503966928784
0 321 41.85127074673691
321 0 41.85127074673691
0 322 45.32362536243215
322 0 45.32362536243215
0 323 44.04039517788219
323 0 44.04039517788219
0 324 42.43120137748672
324 0 42.43120137748672
0 325 42.34774621290182
325 0 42.34774621290182
0 326 42.221854261136286
326 0 42.221854261136286
0 327 38.81996025991065
327 0 38.81996025991065
0 328 38.860279634514306
328 0 38.860279634514306
0 329 37.68403744406723
329 0 37.68403744406723
0 330 35.896723808790526
330 0 35.896723808790526
0 331 39.786848625661875
331 0 39.786848625661875
0 332 39.50041542979328
332 0 39.50041542979328
0 333 36.12061290437482
333 0 36.12061290437482
0 334 44.03212495160926
334 0 44.03212495160926
0 335 37.34407917895716
335 0 37.34407917895716
0 336 36.12866073076287
336 0 36.12866073076287
0 337 37.75388784569262
337 0 37.75388784569262
0 338 40.63799128203821
338 0 40.63799128203821
0 339 44.5553698999463
339 0 44.5553698999463
0 340 43.16512886794063
340 0 43.16512886794063
0 341 45.521503669994765
341 0 45.521503669994765
0 342 41.677450212320835
342 0 41.677450212320835
0 343 45.22729660249473
343 0 45.22729660249473
0 344 41.9620510409975
344 0 41.9620510409975
0 345 39.21805787735483
345 0 39.21805787735483
0 346 42.17279271510666
346 0 42.17279271510666
0 347 28.106427302015508
347 0 28.106427302015508
0 348 29.319285596103768
348 0 29.319285596103768
0 349 34.29147414625105
349 0 34.29147414625105
0 350 35.23821662035271
350 0 35.23821662035271
0 351 38.08360060181149
351 0 38.08360060181149
0 352 39.310618315451094
352 0 39.310618315451094
0 353 37.30637101617437
353 0 37.30637101617437
0 354 43.73454093872708
354 0 43.73454093872708
0 355 34.05357024364281
355 0 34.05357024364281
0 356 35.65708587097433
356 0 35.65708587097433
0 357 37.03333839854035
357 0 37.03333839854035
0 358 38.57868821847586
358 0 38.57868821847586
0 359 41.95935038467886
359 0 41.95935038467886
0 360 42.73606123539264
360 0 42.73606123539264
0 361 46.50424500607311
361 0 46.50424500607311
0 362 43.44583689553439
362 0 43.44583689553439
0 363 43.1964531002812
363 0 43.1964531002812
0 364 45.355042076734286
364 0 45.355042076734286
0 365 44.903463213316364
365 0 44.903463213316364
0 366 43.57589309697798
366 0 43.57589309697798
0 367 41.126170095554706
367 0 41.126170095554706
0 368 41.20183916623232
368 0 41.20183916623232
0 369 39.45728116847573
369 0 39.45728116847573
0 370 38.71437374413016
370 0 38.71437374413016
0 371 40.70094484776363
371 0 40.70094484776363
0 372 39.160712800892824
372 0 39.160712800892824
0 373 37.084143053526105
373 0 37.084143053526105
0 374 44.58325237215653
374 0 44.58325237215653
0 375 35.691802943976874
375 0 35.691802943976874
0 376 38.17316088378163
376 0 38.17316088378163
0 377 38.547299637041775
377 0 38.547299637041775
0 378 38.49616979820159
378 0 38.49616979820159
0 379 39.171350319562926
379 0 39.171350319562926
0 380 44.054605903249794
380 0 44.054605903249794
0 381 47.24164691273407
381 0 47.24164691273407
0 382 42.72659171463387
382 0 42.72659171463387
0 383 45.70739482310116
383 0 45.70739482310116
0 384 43.83165776853382
384 0 43.83165776853382
0 385 41.153442697660616
385 0 41.153442697660616
0 386 45.29206538952028
386 0 45.29206538952028
0 387 41.18133403505847
387 0 41.18133403505847
0 388 46.368251437157916
388 0 46.368251437157916
0 389 38.72378656976581
389 0 38.72378656976581
0 390 36.924270399908075
390 0 36.924270399908075
0 391 42.35103588588939
391 0 42.35103588588939
0 392 44.394784897045085
392 0 44.394784897045085
0 393 29.256913414493063
393 0 29.256913414493063
0 394 44.495420735448214
394 0 44.495420735448214
0 395 38.37916495979993
395 0 38.37916495979993
0 396 44.15912633825841
396 0 44.15912633825841
0 397 42.066095204675975
397 0 42.066095204675975
0 398 45.504039687536896
398 0 45.504039687536896
0 399 45.172797611312966
399 0 45.172797611312966
1 2 14.110166616417702
2 1 14.110166616417702
1 3 19.69367142214167
3 1 19.69367142214167
1 4 15.84748698568087
4 1 15.84748698568087
1 5 15.15150723321921
5 1 15.15150723321921
1 6 13.472772762184192
6 1 13.472772762184192
1 7 12.794318925149637
7 1 12.794318925149637
1 8 24.883210824313796
8 1 24.883210824313796
1 9 18.780611111032364
9 1 18.780611111032364
1 10 23.107334489805382
10 1 23.107334489805382
1 11 25.724296687209
11 1 25.724296687209
1 12 20.805445294070402
12 1 20.805445294070402
1 13 23.533309693252928
13 1 23.533309693252928
1 14 21.050582887361998
14 1 21.050582887361998
1 15 40.705046481460684
15 1 40.705046481460684
1 16 51.0128910815327
16 1 51.0128910815327
1 17 46.51366857023104
17 1 46.51366857023104
1 18 26.90835444972674
18 1 26.90835444972674
1 19 24.008010471480585
19 1 24.008010471480585
1 20 75.37536803575453
20 1 75.37536803575453
1 21 12.817823249750047
21 1 12.817823249750047
1 22 13.256615675247348
22 1 13.256615675247348
1 23 14.466620113708885
23 1 14.466620113708885
1 24 15.04212591054577
24 1 15.04212591054577
1 25 17.515743439877347
25 1 17.515743439877347
1 26 26.73838230332405
26 1 26.73838230332405
1 27 12.81519737698046
27 1 12.81519737698046
1 28 34.73799103879577
28 1 34.73799103879577
1 29 26.81756533899212
29 1 26.81756533899212
1 30 25.666961335041343
30 1 25.666961335041343
1 31 24.653193321613294
31 1 24.653193321613294
1 32 26.219020127394874
32 1 26.219020127394874
1 33 29.473386892247976
33 1 29.473386892247976
1 34 26.542306389742436
34 1 26.542306389742436
1 35 28.007866112071
35 1 28.007866112071
1 36 27.400033579951042
36 1 27.400033579951042
1 37 29.750864609113652
37 1 29.750864609113652
1 38 28.708058733363867
38 1 28.708058733363867
1 39 25.553373816997436
39 1 25.553373816997436
1 40 49.011144784283225
40 1 49.011144784283225
1 41 13.189653226667614
41 1 13.189653226667614
1 42 12.72286470848647
42 1 12.72286470848647
1 43 12.204219703532358
43 1 12.204219703532358
1 44 13.31616906766436
44 1 13.31616906766436
1 45 13.034258337746474
45 1 13.034258337746474
1 46 13.81950144331414
46 1 13.81950144331414
1 47 13.610492629162707
47 1 13.610492629162707
1 48 17.956816825700542
48 1 17.956816825700542
1 49 12.528979738693296
49 1 12.528979738693296
1 50 16.764335554880937
50 1 16.764335554880937
1 51 20.57639406718123
51 1 20.57639406718123
1 52 25.267721040866224
52 1 25.267721040866224
1 53 12.066009874344326
53 1 12.066009874344326
1 54 13.685558012087384
54 1 13.685558012087384
1 55 33.81584244934752
55 1 33.81584244934752
1 56 65.37865791695954
56 1 65.37865791695954
1 57 31.429613952268856
57 1 31.429613952268856
1 58 23.573865736177414
58 1 23.573865736177414
1 59 24.533494538115683
59 1 24.533494538115683
1 60 14.793929845015342
60 1 14.793929845015342
1 61 10.375354160521487
61 1 10.375354160521487
1 62 9.899492431881049
62 1 9.899492431881049
1 63 18.50815149881711
63 1 18.50815149881711
1 64 13.366553923241547
64 1 13.366553923241547
1 65 58.93649719193757
65 1 58.93649719193757
1 66 64.48259338734044
66 1 64.48259338734044
1 67 13.160527521841006
67 1 13.160527521841006
1 68 23.79992009522356
68 1 23.79992009522356
1 69 18.189486151511982
69 1 18.189486151511982
1 70 16.566910823844413
70 1 16.566910823844413
1 71 15.63915534831815
71 1 15.63915534831815
1 72 25.67717183354123
72 1 25.67717183354123
1 73 23.442584576599295
73 1 23.442584576599295
1 74 13.80887597667882
74 1 13.80887597667882
1 75 21.43005257388044
75 1 21.43005257388044
1 76 42.133444449328586
76 1 42.133444449328586
1 77 16.006128043386415
77 1 16.006128043386415
1 78 18.61125047251274
78 1 18.61125047251274
1 79 20.052892413329193
79 1 20.052892413329193
1 80 13.022826957021284
80 1 13.022826957021284
1 81 16.984898565162645
81 1 16.984898565162645
1 82 12.157731780617997
82 1 12.157731780617997
1 83 18.86473865406656
83 1 18.86473865406656
1 84 13.44036900208129
84 1 13.44036900208129
1 85 30.10075690846679
85 1 30.10075690846679
1 86 15.579264128684734
86 1 15.579264128684734
1 87 12.983698954223442
87 1 12.983698954223442
1 88 32.89306243385506
88 1 32.89306243385506
1 89 17.780782051251393
89 1 17.780782051251393
1 90 20.076697788830586
90 1 20.076697788830586
1 91 15.922874419988998
91 1 15.922874419988998
1 92 13.149526463719273
92 1 13.149526463719273
1 93 23.990900904807262
93 1 23.990900904807262
1 94 13.548620588923322
94 1 13.548620588923322
1 95 10.437166443992462
95 1 10.437166443992462
1 96 14.992093866252691
96 1 14.992093866252691
1 97 14.130062464380986
97 1 14.130062464380986
1 98 15.437895061399635
98 1 15.437895061399635
1 99 12.664728839365534
99 1 12.664728839365534
1 100 17.918760452506085
100 1 17.918760452506085
1 101 45.96674368146659
101 1 45.96674368146659
1 102 61.05929389027065
102 1 61.05929389027065
1 103 17.958735828260767
103 1 17.958735828260767
1 104 12.10837812051471
104 1 12.10837812051471
1 105 12.168402699493656
105 1 12.168402699493656
1 106 14.68239545877988
106 1 14.68239545877988
1 107 14.397465483264083
107 1 14.397465483264083
1 108 14.288718581294836
108 1 14.288718581294836
1 109 15.663957681938255
109 1 15.663957681938255
1 110 17.9884667683542
110 1 17.9884667683542
1 111 14.070308412486888
111 1 14.070308412486888
1 112 11.497585662136675
112 1 11.497585662136675
1 113 11.20650723002875
113 1 11.20650723002875
1 114 15.125262520371225
114 1 15.125262520371225
1 115 11.425981147929532
115 1 11.425981147929532
1 116 13.136598393969553
116 1 13.136598393969553
1 117 11.774107668404229
117 1 11.774107668404229
1 118 12.194981010861648
118 1 12.194981010861648
1 119 11.198211502419124
119 1 11.198211502419124
1 120 39.26087959444208
120 1 39.26087959444208
1 121 58.90307527797553
121 1 58.90307527797553
1 122 62.790257892294946
122 1 62.790257892294946
1 123 18.303844659379173
123 1 18.303844659379173
1 124 17.279761592280835
124 1 17.279761592280835
1 125 12.49635737029001
125 1 12.49635737029001
1 126 16.64995713423976
126 1 16.64995713423976
1 127 13.511140187706644
127 1 13.511140187706644
1 128 13.887622696321632
128 1 13.887622696321632
1 129 11.68307209687074
129 1 11.68307209687074
1 130 11.203532082302084
130 1 11.203532082302084
1 131 11.237696179691858
131 1 11.237696179691858
1 132 11.979801451608296
132 1 11.979801451608296
1 133 10.850460190355616
133 1 10.850460190355616
1 134 12.749010138874981
134 1 12.749010138874981
1 135 11.630441049111516
135 1 11.630441049111516
1 136 12.170520954278809
136 1 12.170520954278809
1 137 11.413471101507417
137 1 11.413471101507417
1 138 11.160593261931933
138 1 11.160593261931933
1 139 10.534355729429157
139 1 10.534355729429157
1 140 19.45662603264019
140 1 19.45662603264019
1 141 46.509993570855116
141 1 46.509993570855116
1 142 50.957780789572695
142 1 50.957780789572695
1 143 19.22694055988683
143 1 19.22694055988683
1 144 12.78061417241757
144 1 12.78061417241757
1 145 13.159383921145068
145 1 13.159383921145068
1 146 19.58706970840405
146 1 19.58706970840405
1 147 14.204774492606601
147 1 14.204774492606601
1 148 19.201934915248998
148 1 19.201934915248998
1 149 12.876882561054101
149 1 12.876882561054101
1 150 13.797311606635306
150 1 13.797311606635306
1 151 14.897861959218961
151 1 14.897861959218961
1 152 19.912715163687825
152 1 19.912715163687825
1 153 12.722523638939661
153 1 12.722523638939661
1 154 12.770617565589678
154 1 12.770617565589678
1 155 11.902792753576605
155 1 11.902792753576605
1 156 11.79485062030209
156 1 11.79485062030209
1 157 23.54219267104249
157 1 23.54219267104249
1 158 11.798186798279596
158 1 11.798186798279596
1 159 12.437478995260378
159 1 12.437478995260378
1 160 11.805185238335424
160 1 11.805185238335424
1 161 12.867406270894426
161 1 12.867406270894426
1 162 31.639326587457628
162 1 31.639326587457628
1 163 12.217398346824385
163 1 12.217398346824385
1 164 21.777384916672332
164 1 21.777384916672332
1 165 13.018518529759682
165 1 13.018518529759682
1 166 19.891148840053145
166 1 19.891148840053145
1 167 14.844015594869548
167 1 14.844015594869548
1 168 14.201959345039148
168 1 14.201959345039148
1 169 12.164029707711538
169 1 12.164029707711538
1 170 12.83372799735409
170 1 12.83372799735409
1 171 12.3362729904594
171 1 12.3362729904594
1 172 12.262622842228664
172 1 12.262622842228664
1 173 11.820709430493467
173 1 11.820709430493467
1 174 11.762125444116084
174 1 11.762125444116084
1 175 11.441245036307219
175 1 11.441245036307219
1 176 11.811200048528596
176 1 11.811200048528596
1 177 13.144867612268428
177 1 13.144867612268428
1 178 10.922755146417256
178 1 10.922755146417256
1 179 12.60224688828762
179 1 12.60224688828762
1 180 22.77253965384086
180 1 22.77253965384086
1 181 10.926006284792441
181 1 10.926006284792441
1 182 11.44053984457876
182 1 11.44053984457876
1 183 20.937777173819487
183 1 20.937777173819487
1 184 13.031863406813285
184 1 13.031863406813285
1 185 13.754651631564256
185 1 13.754651631564256
1 186 11.779125082285791
186 1 11.779125082285791
1 187 10.509674514416806
187 1 10.509674514416806
1 188 10.819048701844386
188 1 10.819048701844386
1 189 11.19398904355884
189 1 11.19398904355884
1 190 10.160630777373067
190 1 10.160630777373067
1 191 10.538002514041462
191 1 10.538002514041462
1 192 10.360092948090374
192 1 10.360092948090374
1 193 10.391464257136057
193 1 10.391464257136057
1 194 10.442282517438924
194 1 10.442282517438924
1 195 10.3593720282695
195 1 10.3593720282695
1 196 10.382796971546785
196 1 10.382796971546785
1 197 10.240429765891358
197 1 10.240429765891358
1 198 10.539326062141763
198 1 10.539326062141763
1 199 10.050092055769346
199 1 10.050092055769346
1 200 61.18529598543204
200 1 61.18529598543204
1 201 29.930496909598855
201 1 29.930496909598855
1 202 12.594972724101916
202 1 12.594972724101916
1 203 13.49167661090477
203 1 13.49167661090477
1 204 13.792135250450851
204 1 13.792135250450851
1 205 11.51513125272445
205 1 11.51513125272445
1 206 10.22381621741069
206 1 10.22381621741069
1 207 11.352878400041106
207 1 11.352878400041106
1 208 11.999691424898787
208 1 11.999691424898787
1 209 11.619998319608099
209 1 11.619998319608099
1 210 19.27448874446037
210 1 19.27448874446037
1 211 11.743946140073742
211 1 11.743946140073742
1 212 12.411856570359726
212 1 12.411856570359726
1 213 11.87099167662744
213 1 11.87099167662744
1 214 10.91935834781832
214 1 10.91935834781832
1 215 12.512400583048239
215 1 12.512400583048239
1 216 11.359743226412236
216 1 11.359743226412236
1 217 13.92984119606823
217 1 13.92984119606823
1 218 11.196419239069678
218 1 11.196419239069678
1 219 11.499102606212757
219 1 11.499102606212757
1 220 26.222643267175183
220 1 26.222643267175183
1 221 32.63113449488521
221 1 32.63113449488521
1 222 17.496521168338028
222 1 17.496521168338028
1 223 12.913728140080387
223 1 12.913728140080387
1 224 13.694852506891404
224 1 13.694852506891404
1 225 12.745354920700452
225 1 12.745354920700452
1 226 11.374312352457425
226 1 11.374312352457425
1 227 12.568919612527413
227 1 12.568919612527413
1 228 11.861886223027307
228 1 11.861886223027307
1 229 10.678593473172489
229 1 10.678593473172489
1 230 12.981055872621054
230 1 12.981055872621054
1 231 11.597343144975826
231 1 11.597343144975826
1 232 11.582509821304358
232 1 11.582509821304358
1 233 12.978357350145634
233 1 12.978357350145634
1 234 11.747225492387198
234 1 11.747225492387198
1 235 11.336866772299269
235 1 11.336866772299269
1 236 11.551461499200995
236 1 11.551461499200995
1 237 11.707287491106355
237 1 11.707287491106355
1 238 10.94789154314666
238 1 10.94789154314666
1 239 12.123587985888696
239 1 12.123587985888696
1 240 20.01207253092075
240 1 20.01207253092075
1 241 13.563294122602903
241 1 13.563294122602903
1 242 12.169077344593498
242 1 12.169077344593498
1 243 11.379104846161342
243 1 11.379104846161342
1 244 10.321953839288165
244 1 10.321953839288165
1 245 10.2933555294689
245 1 10.2933555294689
1 246 11.49590180505215
246 1 11.49590180505215
1 247 14.943750683343872
247 1 14.943750683343872
1 248 12.252841599485269
248 1 12.252841599485269
1 249 11.607084868639564
249 1 11.607084868639564
1 250 12.504344005937524
250 1 12.504344005937524
1 251 12.145963025829634
251 1 12.145963025829634
1 252 12.133729028863318
252 1 12.133729028863318
1 253 12.88671214628303
253 1 12.88671214628303
1 254 13.528796883604516
254 1 13.528796883604516
1 255 13.083347318797786
255 1 13.083347318797786
1 256 11.888133073602887
256 1 11.888133073602887
1 257 12.313967691439752
257 1 12.313967691439752
1 258 11.833794716712333
258 1 11.833794716712333
1 259 12.137129929733257
259 1 12.137129929733257
1 260 27.58450608918776
260 1 27.58450608918776
1 261 15.857369520698398
261 1 15.857369520698398
1 262 10.688006641627554
262 1 10.688006641627554
1 263 13.754949222452945
263 1 13.754949222452945
1 264 11.496607018754094
264 1 11.496607018754094
1 265 10.481739199209922
265 1 10.481739199209922
1 266 10.70432249484073
266 1 10.70432249484073
1 267 11.384608628032279
267 1 11.384608628032279
1 268 11.685523054129566
268 1 11.685523054129566
1 269 21.25360344075107
269 1 21.25360344075107
1 270 11.85738339474631
270 1 11.85738339474631
1 271 12.871046957456972
271 1 12.871046957456972
1 272 12.768645282125837
272 1 12.768645282125837
1 273 13.94789067633813
273 1 13.94789067633813
1 274 16.047145150585024
274 1 16.047145150585024
1 275 26.619320742521786
275 1 26.619320742521786
1 276 26.87286283786784
276 1 26.87286283786784
1 277 33.16397509502067
277 1 33.16397509502067
1 278 17.040003415860557
278 1 17.040003415860557
1 279 23.99048008007503
279 1 23.99048008007503
1 280 32.69814129988716
280 1 32.69814129988716
1 281 26.201132482320617
281 1 26.201132482320617
1 282 10.974799476101088
282 1 10.974799476101088
1 283 13.891103191259345
283 1 13.891103191259345
1 284 13.82958109715792
284 1 13.82958109715792
1 285 11.24215896812723
285 1 11.24215896812723
1 286 11.461730855046103
286 1 11.461730855046103
1 287 12.416919203955795
287 1 12.416919203955795
1 288 12.276396495868516
288 1 12.276396495868516
1 289 14.788577187602675
289 1 14.788577187602675
1 290 14.648154132287031
290 1 14.648154132287031
1 291 15.185528516256044
291 1 15.185528516256044
1 292 13.894813571206686
292 1 13.894813571206686
1 293 13.846429612946718
293 1 13.846429612946718
1 294 14.728679193561275
294 1 14.728679193561275
1 295 16.42644450271913
295 1 16.42644450271913
1 296 17.780383616771374
296 1 17.780383616771374
1 297 15.7382367871193
297 1 15.7382367871193
1 298 13.53490216753419
298 1 13.53490216753419
1 299 14.204208826013993
299 1 14.204208826013993
1 300 15.157237333939454
300 1 15.157237333939454
1 301 16.666994641566934
301 1 16.666994641566934
1 302 11.183248765460265
302 1 11.183248765460265
1 303 11.337735091529929
303 1 11.337735091529929
1 304 12.003862013915697
304 1 12.003862013915697
1 305 11.664720104173435
305 1 11.664720104173435
1 306 11.62313363663573
306 1 11.62313363663573
1 307 12.385293677670282
307 1 12.385293677670282
1 308 12.429427693662781
308 1 12.429427693662781
1 309 13.448741032608108
309 1 13.448741032608108
1 310 14.026836769592295
310 1 14.026836769592295
1 311 15.528274454713653
311 1 15.528274454713653
1 312 14.649638990951308
312 1 14.649638990951308
1 313 13.991075908542204
313 1 13.991075908542204
1 314 15.415696550808665
314 1 15.415696550808665
1 315 19.797640742460914
315 1 19.797640742460914
1 316 19.745493923239103
316 1 19.745493923239103
1 317 16.99820744698124
317 1 16.99820744698124
1 318 14.003591167881746
318 1 14.003591167881746
1 319 16.343306080142366
319 1 16.343306080142366
1 320 14.959858677910972
320 1 14.959858677910972
1 321 14.094774675127601
321 1 14.094774675127601
1 322 12.021225395504691
322 1 12.021225395504691
1 323 11.638489318950063
323 1 11.638489318950063
1 324 10.648697637043021
324 1 10.648697637043021
1 325 11.351371459531316
325 1 11.351371459531316
1 326 12.79696270977992
326 1 12.79696270977992
1 327 14.36978482051404
327 1 14.36978482051404
1 328 14.407960860430709
328 1 14.407960860430709
1 329 13.583676751553607
329 1 13.583676751553607
1 330 13.694161870132033
330 1 13.694161870132033
1 331 15.972091995369707
331 1 15.972091995369707
1 332 16.045911710152858
332 1 16.045911710152858
1 333 15.346311232704764
333 1 15.346311232704764
1 334 15.954288962705306
334 1 15.954288962705306
1 335 15.221637481720556
335 1 15.221637481720556
1 336 15.955384608002435
336 1 15.955384608002435
1 337 16.528051535048885
337 1 16.528051535048885
1 338 14.303097871286356
338 1 14.303097871286356
1 339 13.892121530511234
339 1 13.892121530511234
1 340 13.457657733933571
340 1 13.457657733933571
1 341 12.72715173287746
341 1 12.72715173287746
1 342 10.633245652467009
342 1 10.633245652467009
1 343 11.94143961227896
343 1 11.94143961227896
1 344 12.25356696014453
344 1 12.25356696014453
1 345 12.0946593105037
345 1 12.0946593105037
1 346 13.3510619472881
346 1 13.3510619472881
1 347 49.44656602857194
347 1 49.44656602857194
1 348 38.40140610639165
348 1 38.40140610639165
1 349 14.36994179165834
349 1 14.36994179165834
1 350 13.722191132650405
350 1 13.722191132650405
1 351 16.288826075655553
351 1 16.288826075655553
1 352 16.59254845247278
352 1 16.59254845247278
1 353 15.163206370115638
353 1 15.163206370115638
1 354 16.31669894170228
354 1 16.31669894170228
1 355 14.504883615360052
355 1 14.504883615360052
1 356 19.267273915638206
356 1 19.267273915638206
1 357 17.773423941127113
357 1 17.773423941127113
1 358 16.310775214849688
358 1 16.310775214849688
1 359 14.832071550601274
359 1 14.832071550601274
1 360 11.946288848856637
360 1 11.946288848856637
1 361 12.582078157758014
361 1 12.582078157758014
1 362 10.565881294053574
362 1 10.565881294053574
1 363 10.542909093292169
363 1 10.542909093292169
1 364 10.861900442202197
364 1 10.861900442202197
1 365 11.827265478391185
365 1 11.827265478391185
1 366 12.054590106542898
366 1 12.054590106542898
1 367 14.83557283283635
367 1 14.83557283283635
1 368 14.849722220154433
368 1 14.849722220154433
1 369 14.633617695196504
369 1 14.633617695196504
1 370 14.553878831993176
370 1 14.553878831993176
1 371 13.216610792067367
371 1 13.216610792067367
1 372 17.176671261524156
372 1 17.176671261524156
1 373 14.631690586809086
373 1 14.631690586809086
1 374 14.520010656150877
374 1 14.520010656150877
1 375 16.565562824767085
375 1 16.565562824767085
1 376 15.595380140390287
376 1 15.595380140390287
1 377 15.290223497091482
377 1 15.290223497091482
1 378 14.45914214879122
378 1 14.45914214879122
1 379 14.957947995458582
379 1 14.957947995458582
1 380 13.270492686078345
380 1 13.270492686078345
1 381 13.626621710744189
381 1 13.626621710744189
1 382 10.862770889545942
382 1 10.862770889545942
1 383 11.974385369496627
383 1 11.974385369496627
1 384 11.264312851049663
384 1 11.264312851049663
1 385 16.327422342644066
385 1 16.327422342644066
1 386 12.543036883899072
386 1 12.543036883899072
1 387 16.356088833560833
387 1 16.356088833560833
1 388 14.614484631336548
388 1 14.614484631336548
1 389 13.66528753629192
389 1 13.66528753629192
1 390 13.653541671909323
390 1 13.653541671909323
1 391 14.881781955171732
391 1 14.881781955171732
1 392 14.818777057458973
392 1 14.818777057458973
1 393 29.34649955022687
393 1 29.34649955022687
1 394 15.373826096428191
394 1 15.373826096428191
1 395 14.40600983001092
395 1 14.40600983001092
1 396 16.477753752702284
396 1 16.477753752702284
1 397 15.764928751225076
397 1 15.764928751225076
1 398 15.56073716171583
398 1 15.56073716171583
1 399 14.35569535214925
399 1 14.35569535214925
2 3 20.615666988326524
3 2 20.615666988326524
2 4 12.861756303880455
4 2 12.861756303880455
2 5 11.930681833239541
5 2 11.930681833239541
2 6 8.845782588426195
6 2 8.845782588426195
2 7 11.742809189004173
7 2 11.742809189004173
2 8 14.527627788730348
8 2 14.527627788730348
2 9 14.0140378068282
9 2 14.0140378068282
2 10 24.639666790771297
10 2 24.639666790771297
2 11 21.723892993230137
11 2 21.723892993230137
2 12 21.999530065267205
12 2 21.999530065267205
2 13 20.719391683588448
13 2 20.719391683588448
2 14 19.612762675478127
14 2 19.612762675478127
2 15 37.90074064260603
15 2 37.90074064260603
2 16 50.298800606450065
16 2 50.298800606450065
2 17 46.17387396876075
17 2 46.17387396876075
2 18 23.70093478041457
18 2 23.70093478041457
2 19 21.212523532731044
19 2 21.212523532731044
2 20 69.22464332921125
20 2 69.22464332921125
2 21 16.045382278139446
21 2 16.045382278139446
2 22 16.516848047510276
22 2 16.516848047510276
2 23 7.826924645052
23 2 7.826924645052
2 24 10.251609514008345
24 2 10.251609514008345
2 25 14.09502597849969
25 2 14.09502597849969
2 26 26.927166555047442
26 2 26.927166555047442
2 27 10.320349780102996
27 2 10.320349780102996
2 28 25.865534997515198
28 2 25.865534997515198
2 29 17.348055000767303
29 2 17.348055000767303
2 30 17.560925236613603
30 2 17.560925236613603
2 31 24.421494699269232
31 2 24.421494699269232
2 32 25.822736371042023
32 2 25.822736371042023
2 33 29.89756698954635
33 2 29.89756698954635
